[0m [38;2;0;0;0m                                                                                               [0m
 [38;2;0;0;0m                                                                                               [0m
 [38;2;0;0;0m                                                                                               [0m
 [38;2;0;0;0m                                                                                               [0m
[38;2;254;254;251m▆[38;2;255;255;254m▅[38;2;254;255;255m▄[38;2;255;255;253m▃[38;2;255;255;254m▂[38;2;231;231;231m▂[38;2;151;151;151m▁[0m [38;2;15;15;15m                                                                                        [0m
[7m[38;2;255;255;254m▃[38;2;255;255;255m▂[38;2;253;254;254m▁[0m[38;2;202;202;201;48;2;254;254;254m▁[38;2;251;251;250;48;2;255;255;255m╺[38;2;220;220;219m╶[38;2;208;207;205;48;2;254;254;254m╴[38;2;255;255;255;48;2;209;209;208m▇[0m[38;2;254;254;253m▇[38;2;255;255;254m▆[38;2;255;255;255m▅[38;2;255;255;254m▄[38;2;255;254;253m▃[38;2;255;255;254m▂[38;2;241;241;241m▂[38;2;189;188;187m▁                                                                                [0m
    [7m[38;2;197;196;193m▇[38;2;253;253;253m▇[38;2;255;255;255m▆▅[38;2;255;254;255m▄[38;2;255;255;255m▃▂[38;2;254;254;254m▁[0m[38;2;191;189;188;48;2;255;255;254m▁[48;2;254;254;254m [38;2;239;239;239;48;2;255;255;255m╺[38;2;193;192;190m╴[38;2;251;250;251;48;2;207;207;204m▇[0m[38;2;254;253;253m▇[38;2;254;254;254m▆[38;2;255;255;252m▅[38;2;254;254;252m▄[38;2;254;255;255m▃[38;2;253;254;252m▃[38;2;251;251;248m▂[38;2;232;232;228m▁                                                                       [0m
      [38;2;118;109;80m    [0m  [38;2;118;109;80m [7m[38;2;163;162;160m▇[38;2;252;252;252m▇[38;2;255;255;255m▆▅▄[38;2;253;253;252m▃[38;2;252;252;251m▂[0m[38;2;139;138;134;48;2;254;254;251m▂[38;2;171;171;167m▁[38;2;255;255;253;48;2;254;254;252m╴[38;2;250;250;246;48;2;254;255;254m╸[38;2;216;217;214;48;2;255;255;253m─[38;2;254;254;252;48;2;225;226;224m▇[0m[38;2;253;254;251m▇[38;2;252;253;247m▆[38;2;252;252;249m▅▅▄[38;2;244;244;241m▃                                                                [0m
       [38;2;118;111;79m [0m  [38;2;172;167;147m▗[38;2;173;168;150m▄[38;2;146;143;127m▃ [0m  [38;2;119;115;93m  [0m    [7m[38;2;136;136;132m▇[38;2;252;253;252m▇[38;2;255;255;252m▆[38;2;254;254;252m▅[38;2;253;252;251m▄[38;2;253;253;250m▃[38;2;252;252;250m▃[0m[38;2;249;249;245;48;2;254;254;249m▁[38;2;246;245;243;48;2;255;254;252m╻[0m[38;2;254;254;253m▊                                                                [0m
   [38;2;117;111;78m [0m   [38;2;118;112;79m [0m [38;2;118;112;79m [38;2;173;168;150m▝[38;2;175;171;151;48;2;173;168;149m┊[38;2;172;168;150;48;2;173;169;152m╴[0m[38;2;170;170;150m▆[38;2;169;169;148;48;2;164;161;141m▇[38;2;172;169;149;48;2;163;160;140m▇[0m[38;2;144;139;121m▎    [0m [38;2;118;110;80m [0m    [38;2;119;111;83m [0m [7m[38;2;253;253;250m▍[0m[38;2;238;237;235;48;2;254;255;253m┃[0m[38;2;255;255;255m▊              [38;2;253;253;253m▃[38;2;255;255;255m▄[38;2;174;174;174m▖                                               [0m
 [38;2;117;111;78m   [0m      [38;2;169;165;144;48;2;137;133;114m▇[48;2;168;163;144m▇[38;2;175;173;151;48;2;170;168;146m▝[38;2;168;166;146;48;2;178;176;156m▅[38;2;153;150;132;48;2;169;166;146m╺[0m[7m[38;2;168;166;144m━[0m[38;2;163;161;139m▖[0m [38;2;118;112;79m  [0m         [7m[38;2;251;251;247m▍[0m[38;2;237;236;233;48;2;253;254;254m┃[0m[38;2;254;255;255m▊           [0m [38;2;255;255;255m▂[7m▘▗▅[0m[38;2;235;235;235;48;2;255;255;255m▁[0m[38;2;255;255;255m▄                                              [0m
 [38;2;117;111;78m  [0m   [38;2;118;112;82m [0m   [38;2;145;142;123;48;2;168;165;146m▏[38;2;168;165;145;48;2;168;165;144m▏[38;2;167;165;145;48;2;168;166;146m▂[38;2;170;168;148;48;2;167;164;144m▗[38;2;168;166;146;48;2;168;165;144m▃[38;2;170;168;146m▁[0m[38;2;167;165;143m▌[0m    [38;2;118;112;79m [0m [38;2;118;110;79m    [0m  [7m[38;2;250;250;246m▍[0m[38;2;238;237;235;48;2;254;254;254m┃[0m[38;2;254;255;255m▊       [0m [38;2;255;255;255m▂▅▆[7m▂▄▆[0m[38;2;0;0;0m  [0m [7m[38;2;255;255;255m▄▃▂[0m[38;2;255;255;255m▆▅▄▂[38;2;185;185;185m▁                                       [0m
    [38;2;117;111;78m [0m  [38;2;118;112;81m [0m  [38;2;147;143;124;48;2;168;165;144m▏[38;2;168;165;144;48;2;168;165;145m▆[48;2;168;166;145m▆[48;2;167;164;143m [38;2;167;165;143;48;2;169;166;145m▄[38;2;167;164;143;48;2;170;168;146m▆[0m[38;2;166;162;143m▌ [0m      [38;2;118;112;82m  [0m [38;2;118;109;80m [0m [7m[38;2;251;251;247m▍[0m[38;2;238;237;235;48;2;254;254;254m┃[0m[38;2;255;255;255m▊     [38;2;163;163;162m▃[38;2;255;255;255m▅[7m▁▄[38;2;254;254;254m▆[0m[38;2;0;0;0m           [0m [7m[38;2;255;255;255m▆▄▂[0m[38;2;255;255;255m▆▄▂  [38;2;251;251;251m▁[38;2;255;255;255m▃▄                               [0m
 [38;2;118;112;79m    [0m    [38;2;118;109;79m [7m[38;2;166;163;142m▅[38;2;170;166;145m▅[38;2;170;167;148m▄[38;2;168;165;144m▃[38;2;167;165;144m▂[38;2;167;165;142m▁[0m[38;2;166;164;141m▌[0m       [38;2;118;109;80m  [0m   [7m[38;2;253;252;249m▍[0m[38;2;239;237;235;48;2;251;251;251m┃[0m[38;2;255;255;255m▊   [38;2;253;253;253m▃[38;2;255;255;255m▅[7m▃▆[0m[38;2;0;0;0m   [0m  [38;2;116;116;116m              [7m[38;2;252;252;252m▆[38;2;255;255;255m▄▁▁▃[38;2;252;252;252m▖[0m[38;2;255;255;255m▉                               [0m
    [38;2;118;110;77m  [0m        [38;2;118;112;82m [0m     [38;2;118;112;82m [0m        [7m[38;2;254;254;251m▍[0m[38;2;240;238;235;48;2;254;254;254m┃[0m[38;2;255;255;255m▊ [38;2;254;254;254m▗[7m[38;2;255;255;255m▘▃[38;2;146;146;146m▅[0m[38;2;0;0;0m    [0m [7m[38;2;250;251;251m▏[0m[38;2;124;124;123;48;2;252;251;251m [0m[38;2;143;143;142m▄[38;2;177;177;177m▃[38;2;219;219;219m▂[38;2;195;195;195m▂        [0m  [38;2;75;75;75m     [7m[38;2;252;252;252m▌[0m[38;2;255;255;255m▊                               [0m
[38;2;255;255;255;48;2;130;125;97m▄[0m[38;2;255;255;255m▄▃[38;2;254;254;254m▂[38;2;253;253;253m▁[38;2;145;145;142m▁[0m        [38;2;118;110;81m  [0m    [38;2;118;109;80m  [0m [38;2;118;109;82m [0m     [7m[38;2;254;254;252m▍[0m[38;2;241;241;239;48;2;254;254;252m┃[48;2;255;255;255m [0m[38;2;255;255;255m▅[7m▗[0m[38;2;252;252;252m▘       [7m[38;2;183;184;184m▇[38;2;181;181;181m▇[0m[38;2;255;255;255m▝[7m▄▃▁[0m[38;2;255;255;255m▆[38;2;160;160;160m▍  [38;2;251;251;251m▗[38;2;255;255;254m▄[38;2;252;252;252m▃[38;2;255;255;255m▆[38;2;64;143;122;48;2;255;255;255m▂[0m[7m[38;2;255;255;255m▃[0m[38;2;255;255;255m▇▅  [0m [7m[38;2;255;255;255m▎[0m[38;2;251;251;251m▌                               [0m
[7m[38;2;182;182;182m▇[38;2;249;249;249m▆[38;2;255;255;255m▆▅▄▃▂[38;2;254;254;254m▁[0m[38;2;255;255;255m▆▅▄▃▂[38;2;254;253;254m▁[38;2;171;171;169m▁ [0m             [7m[38;2;253;253;251m▍[0m[38;2;241;241;239;48;2;254;254;251m┃[38;2;255;255;253;48;2;255;255;255m▃[38;2;255;255;255;48;2;253;253;253m▉[0m[38;2;224;224;224m▎[0m  [38;2;244;244;244m▁[38;2;255;255;255m▂▄▅▇▅▄▃▂[38;2;242;242;242m▁[0m [38;2;66;65;64m     [38;2;255;254;255m▝[7m[38;2;255;255;255m▃[0m[38;2;0;0;0;48;2;255;255;255m [38;2;255;255;255;48;2;43;141;115m▌[0m[7m[38;2;47;133;107m╍[38;2;48;134;108m╹[0m[38;2;47;129;107;48;2;94;152;136m▇[0m[7m[38;2;255;255;255m▖[0m[38;2;248;248;248m▋  [7m[38;2;255;255;255m▌▝[0m[38;2;73;73;73m                               [0m
 [38;2;0;0;0m        [7m[38;2;178;178;179m▇[38;2;255;255;255m▇▎▗▄[0m[38;2;254;254;254;48;2;255;255;255m▏[38;2;255;255;255;48;2;200;200;199m▇[0m[7m[38;2;252;253;253m▁[0m[38;2;255;255;252m▆[38;2;252;254;254m▅[38;2;254;255;255m▄[38;2;254;255;253m▃▂[38;2;241;241;239m▂[38;2;195;195;193m▁[0m   [38;2;119;108;83m [0m [7m[38;2;255;254;250m▍[0m[38;2;243;242;238;48;2;254;254;252m┃[38;2;223;223;219;48;2;255;255;253m╺[0m[7m[38;2;255;255;255m╾[0m[38;2;152;152;152;48;2;254;254;253m┰[0m[7m[38;2;255;255;255m▃▂[0m[38;2;82;83;81;48;2;255;255;255m [38;2;241;241;241m╺[38;2;231;231;231m╸ [38;2;150;150;149m┒[38;2;150;150;143m▃[0m[7m[38;2;255;255;255m▂▁[0m[38;2;252;252;252;48;2;255;255;255m╺[38;2;236;236;236m┄[38;2;233;233;233m╴[0m[38;2;255;255;255m▇▆▅▅▄[38;2;254;254;254m▃[38;2;252;252;252m▂[7m[38;2;255;255;255m▏[0m[38;2;255;255;255m▍[38;2;45;128;102m▝[7m[38;2;47;131;105m▂[0m [38;2;31;95;76m [0m [38;2;0;0;0m  [0m [38;2;154;154;154;48;2;255;255;255m▏[0m[38;2;254;254;254m▍ [0m [38;2;255;255;255m▃▄▅▅▅▄[38;2;254;254;254m▂                     [0m
 [38;2;0;0;0m       [38;2;253;253;253m▂[38;2;255;255;255m▄▃[7m▎[0m[38;2;255;255;255m▍[0m [38;2;146;144;143;48;2;255;255;255m▏ [0m[38;2;213;213;213m▍ [7m[38;2;134;134;132m▇[38;2;251;251;251m▇[38;2;253;254;253m▆[38;2;254;255;253m▅[38;2;255;255;253m▄[38;2;254;255;254m▖[0m[38;2;254;255;255;48;2;207;207;204m▇[0m[38;2;255;255;255m▇▆▅▄[38;2;130;130;127;48;2;251;251;251m▘[38;2;243;241;238;48;2;255;255;255m╹ [38;2;219;219;219m╸ [38;2;143;143;143m▗[38;2;235;235;235m▖ [38;2;188;188;188;48;2;254;254;254m╎[0m[38;2;255;255;255m▅[48;2;255;255;255m [0m[7m[38;2;255;255;255m╶─[0m[38;2;218;218;218;48;2;255;255;255m╴[0m[38;2;255;255;255m▇▆[48;2;140;138;135m▅[38;2;221;221;221;48;2;255;255;255m╺[0m[7m[38;2;255;255;255m━─[0m[38;2;146;146;144;48;2;255;255;255m▃[0m[7m[38;2;255;255;255m▂▁[0m[38;2;210;210;210;48;2;255;255;255m▁[38;2;254;254;254m╸[38;2;216;216;216m─ [0m[38;2;255;255;255m▇▆▅▄▃▂[38;2;254;254;254m▁[38;2;149;149;148m▁[7m[38;2;248;248;248m▌[0m[38;2;255;255;255m▊ [7m[38;2;255;255;254m▘[0m[38;2;250;250;250;48;2;255;255;255m╹ [38;2;254;254;254;48;2;212;212;206m▄[38;2;209;209;204;48;2;255;255;249m━[38;2;252;253;252;48;2;254;254;254m▘[48;2;255;255;255m [38;2;254;254;254m╴[0m[38;2;255;255;255m▖                    [0m
 [38;2;0;0;0m    [38;2;141;141;141m▁[38;2;255;255;255m▄▆[7m▃[38;2;254;254;254m▆▆[38;2;255;255;255m▎[0m[38;2;255;255;255m▍[0m [38;2;145;144;143;48;2;255;255;255m▏[38;2;253;252;252m▄[0m[38;2;254;254;253m▆[38;2;254;254;254m▅[38;2;255;255;255m▄▃▂[38;2;249;249;249m▂[38;2;183;183;183m▁[38;2;255;255;255m▝[7m▄▃▂▁[0m[38;2;235;235;235;48;2;255;255;255m▁  [38;2;254;254;254m╵[38;2;255;255;255;48;2;164;164;162m▅[48;2;255;255;255m [38;2;186;186;185m╶[38;2;129;129;126m┬[38;2;231;231;231m╴[0m[38;2;255;255;255m▇▆[38;2;247;247;247;48;2;255;255;255m▁[38;2;149;149;149m╺[0m[7m[38;2;255;255;255m━[0m[38;2;100;102;94;48;2;255;255;255m [38;2;193;193;193m▗[0m[7m[38;2;255;255;255m▂[0m[38;2;97;97;89;48;2;255;255;255m  [38;2;189;189;189m▝[38;2;252;252;252m╴ [38;2;161;161;153m┒[38;2;255;255;255;48;2;180;180;177m▇[0m[38;2;255;255;255m▆[38;2;152;152;151;48;2;255;255;255m▁ [38;2;128;127;125m━[0m[7m[38;2;255;255;255m━[0m[38;2;148;147;147;48;2;255;255;255m╴ [0m[7m[38;2;255;255;255m▂▁[0m[38;2;100;100;95;48;2;255;255;255m [38;2;215;215;215m╾[38;2;212;212;212m╴ [0m[7m[38;2;255;255;255m▁[0m[38;2;255;255;255m▆[48;2;255;255;250m▊[38;2;255;255;253;48;2;255;255;251m┊[38;2;255;255;251;48;2;254;255;251m┈[38;2;255;255;250;48;2;255;255;251m┉[48;2;255;254;247m [48;2;255;255;249m [38;2;255;255;255;48;2;255;255;251m╴[38;2;255;255;253;48;2;254;254;251m▅[0m[38;2;255;255;255m▊                    [0m
 [38;2;0;0;0m   [7m[38;2;241;241;241m▌[0m[38;2;0;0;0;48;2;255;255;255m  [0m[38;2;255;255;255m▄▃▂[38;2;241;241;241m▂[38;2;255;255;255;48;2;132;131;130m▝[0m[7m[38;2;255;255;255m▂[38;2;254;254;254m▁[38;2;255;254;254m▁[38;2;255;254;253m▗[0m [7m[38;2;129;129;128m▇[38;2;255;255;255m▇▆╸[0m[38;2;66;66;65;48;2;255;255;255m [38;2;255;255;255;48;2;148;148;148m▉[0m [38;2;32;32;32m     [7m[38;2;252;252;252m▇[38;2;255;255;255m▆▅▄▃▂▁[0m[38;2;144;144;144;48;2;255;255;255m▁ [0m[38;2;255;255;255m▇[48;2;255;255;255m  [38;2;231;231;231m▝[38;2;254;254;254m╴ [38;2;154;154;154m▃ [38;2;253;253;253m╵[0m[38;2;255;255;255m▅[48;2;255;255;255m [38;2;179;179;179m╺[0m[7m[38;2;255;255;255m╾╴[0m[38;2;255;255;255;48;2;248;248;248m▉[0m[7m[38;2;255;255;255m▂[0m[38;2;255;255;255m▆[48;2;255;255;255m [38;2;183;183;183m┉[0m[7m[38;2;255;255;255m━─▃▂[0m[38;2;255;255;255m▆[38;2;254;254;254;48;2;255;255;255m╵ [0m[38;2;254;254;254m▋  [7m[38;2;255;255;255m▖[0m[38;2;254;254;254;48;2;255;255;255m┊[0m[7m[38;2;255;255;255m▃[38;2;254;255;251m▂[38;2;255;255;250m▂[38;2;255;255;253m▂[0m[38;2;137;137;136;48;2;255;255;255m▃ [0m[38;2;255;255;255m▅▅▄[38;2;254;254;254m▃[38;2;251;251;251m▂[38;2;211;211;211m▁               [0m
 [38;2;0;0;0m   [38;2;169;169;169m▝[7m[38;2;255;255;255m▅▄▃▂▁[0m[38;2;188;188;188;48;2;255;255;255m▁ [38;2;255;255;255;48;2;212;212;212m▇[0m[38;2;255;255;255m▇▆▅▄[38;2;254;254;254m▄[38;2;255;255;254m▆[38;2;255;254;254;48;2;255;255;255m╴[0m[7m[38;2;255;255;255m▁[38;2;255;254;255m▄[38;2;223;223;223m▇[0m[38;2;0;0;0m              [7m[38;2;144;144;144m▇[38;2;254;254;254m▇[38;2;255;255;255m▆▅▄▃▂▁[0m[38;2;26;26;26;48;2;255;255;255m  [0m[38;2;255;255;255m▇[48;2;219;219;219m▇[48;2;255;255;255m [0m[7m[38;2;255;255;255m━[0m[38;2;130;130;128;48;2;255;255;255m╸ [0m[7m[38;2;255;255;255m▃[0m[38;2;112;112;110;48;2;254;254;254m [48;2;255;255;255m [0m[38;2;255;255;255m▅[38;2;214;214;214;48;2;255;255;255m┉[0m[7m[38;2;255;255;255m━[0m[38;2;203;203;203;48;2;255;255;255m╸[38;2;255;255;255;48;2;254;254;254m▇[38;2;160;160;160;48;2;255;255;255m▁[0m[7m[38;2;255;255;255m▄[38;2;183;183;183m▆[0m[38;2;0;0;0m   [7m[38;2;223;223;221m▋[0m[38;2;230;230;227;48;2;255;255;254m╶[38;2;176;177;166;48;2;255;255;255m▃[0m[38;2;248;248;248m▇[38;2;219;219;219m▇[38;2;252;252;252m▇[38;2;176;178;166;48;2;255;255;255m▖[0m[38;2;255;255;255m▊[0m [7m[38;2;226;226;226m▇[38;2;254;254;254m▆[38;2;255;255;255m▅▄▃▂▂[0m[38;2;254;254;254m▆[38;2;255;255;255m▅▄▃▂[38;2;254;254;254m▁[38;2;152;153;153m▁      [0m
 [38;2;0;0;0m          [0m [7m[38;2;253;253;253m▇[38;2;255;255;255m▆▅▄▃[38;2;255;254;254m▂[38;2;252;253;252m▃[38;2;253;253;253m▆[0m[38;2;0;0;0m                         [0m [7m[38;2;224;224;224m▇[38;2;255;255;255m▆▅▄▃▂▂[0m[38;2;132;132;132;48;2;255;255;255m▁  [0m[38;2;255;255;255m▆[38;2;253;253;253;48;2;255;255;255m╵ [0m[7m[38;2;255;255;255m▂▆[0m[38;2;0;0;0m      [0m [38;2;255;255;255;48;2;255;255;254m┊[38;2;251;251;251;48;2;252;252;252m╎[0m[7m[38;2;254;254;253m▂[38;2;250;250;245m▂[38;2;254;254;254m▂[0m[38;2;227;227;227;48;2;255;255;255m╴[0m[38;2;255;255;255m▌         [0m [7m[38;2;252;252;252m▇[38;2;255;255;255m▆▅▄[38;2;254;255;255m▃[38;2;254;254;254m▂[0m[38;2;254;254;254m▇[38;2;255;255;255m▆▅[38;2;254;255;255m▄[38;2;254;254;255m▃[0m
 [38;2;0;0;0m                                                     [0m [7m[38;2;255;255;255m▇▆▅[38;2;231;231;231m▇[0m[38;2;0;0;0m         [7m[38;2;159;159;159m▅[38;2;255;255;255m▄▄▄▄▅[0m[38;2;0;0;0m                   [7m[38;2;186;186;186m▇[38;2;250;250;251m▆[38;2;254;254;254m▆[0m
 [38;2;0;0;0m                                                                                               [0m
 [38;2;0;0;0m                                                                                               [0m
 [38;2;0;0;0m                                                                                               [0m
